# リンク先コンテンツ

**URL**: https://docs.google.com/spreadsheets/d/1HSuBVYs8c0XvZTNT5WKdFTUkeQ0JMRvS-ZHeG0MB7fY/edit?resourcekey=&gid=2065012763#gid=2065012763
**タイトル**: #01　【MG向け】プレミアムプラス 受付時間 （回答） - Google スプレッドシート
**リンクテキスト**: 
**参照元**: 全体会議議事録/2025年7月9日/ふうか「コーチング」/index.md
**取得日時**: 2026-01-18 08:56:53

---

## コンテンツ

#01　【MG向け】プレミアムプラス 受付時間 （回答） - Google スプレッドシート
このブラウザ バージョンのサポートは終了しました。サポートされているブラウザにアップグレードしてください。
#01　【MG向け】プレミアムプラス 受付時間 （回答）
Tab
外部
共有
ログイン
ファイル
編集
表示
挿入
表示形式
データ
ツール
拡張機能
ヘルプ
ユーザー補助機能
デバッグ
ドライブに変更を保存できませんでした
¥
%
123
条件付き書式
条件付き書式
SUM
AVERAGE
COUNT
MAX
MIN
詳細
ユーザー補助機能
読み込んでいます...
A
B
C
D
E
F
G
H
I
J
K
L
M
N
O
P
Q
R
S
T
U
V
W
X
Y
Z
AA
AB
AC
AD
AE
AF
AG
AH
AI
AJ
AK
AL
AM
AN
AO
AP
AQ
AR
AS
AT
1
41
184
439
250
319
452
293
445
198
124
57
101
154
44
129
134
109
154
73
48
2
参照元：https://docs.google.com/spreadsheets/d/17N8tQp09i2wThWY4FCZ8iHii8BgUXu1abEZVUk1Fx2c/edit?gid=0#gid=0
MAXキャパ（4W）
担当現役生徒数
残枠
MAXキャパ（4W）
担当現役生徒数
残枠
MAXキャパ（4W）
担当現役生徒数
残枠
MAXキャパ（4W）
担当現役生徒数
残枠
MAXキャパ（4W）
担当現役生徒数
残枠
MAXキャパ（4W）
担当現役生徒数
残枠
MAXキャパ（4W）
担当現役生徒数
残枠
MAXキャパ（4W）
担当現役生徒数
残枠
MAXキャパ（4W）
担当現役生徒数
残枠
MAXキャパ（4W）
担当現役生徒数
残枠
合計枠数（キャパMAX）
合計枠数（キャパMAX）
生徒合計担当数
キャパ占有率
受け持ち開始
備考
3
担当MG名
平日 朝（6:00～9:00）
平日 午前（9:00～12:00）
平日 午後（12:00～18:00）
平日 夜間（18:00～22:00）
平日 22:00以降
土日祝 朝（6:00～9:00）
土日祝 午前（9:00～12:00）
土日祝 午後（12:00～18:00）
土日祝 夜間（18:00～22:00）
土日祝 22:00以降
合計枠数（キャパMAX）
アンパイ
生徒合計担当数
キャパ占有率
4
もえこ
0
0
0
0
0
0
0
0
0
16
2
14
0
0
0
12
0
12
12
3
9
0
0
0
16
3
13
0
0
0
56
8
14.3%
2025年5月
⚠️三人まで
5
ちづる
0
1
-1
24
13
11
32
13
19
32
6
26
16
13
3
0
0
0
12
13
-1
16
10
6
16
10
6
8
8
0
156
87
55.8%
2025年5月
60人
6
ゆか
0
0
0
24
9
15
16
10
6
0
2
-2
0
0
0
0
0
0
0
0
0
0
1
-1
0
1
-1
0
0
0
40
23
57.5%
2025年5月
7
中富智弘 ⇨ トミー
0
0
0
0
0
0
0
0
0
32
13
19
0
0
0
12
9
3
12
11
1
16
13
3
0
0
0
0
0
0
72
46
63.9%
2025年5月
12/19  12月〜５名⭕️、1月〜５名、2月〜20名（2月までに30名）
8
ちさと
0
0
0
0
0
0
0
0
0
0
0
0
16
3
13
12
0
12
0
0
0
16
0
16
0
0
0
8
0
8
52
3
5.8%
2025年5月
9
須見浩人　⇨ひろと
24
0
24
24
11
13
32
4
28
32
3
29
16
6
10
12
3
9
12
11
1
16
6
10
16
5
11
8
3
5
192
52
27.1%
2025年5月
⚠️53名まで
10
ななえ
0
0
0
0
2
-2
32
10
22
0
11
-11
0
0
0
0
0
0
0
0
0
0
0
0
0
1
-1
0
0
0
32
24
75.0%
2025年5月
11
あみり
24
1
23
0
0
0
32
3
29
0
0
0
0
0
0
0
0
0
0
0
0
0
0
0
0
0
0
0
0
0
56
4
7.1%
2025年5月
12
なつみ
0
0
0
24
15
9
16
14
2
0
0
0
0
0
0
0
0
0
0
1
-1
0
0
0
0
0
0
0
0
0
40
30
75.0%
2025年5月
13
ゆり
24
3
21
24
9
15
32
7
25
0
0
0
0
0
0
0
0
0
0
1
-1
0
0
0
0
0
0
0
0
0
80
20
25.0%
2025年5月
14
よし
0
1
-1
24
9
15
0
0
0
0
0
0
8
2
6
12
2
10
0
0
0
0
0
0
0
0
0
0
0
0
44
14
31.8%
2025年5月
9/14記載：22時〜の枠だけ月3名です。（トータルだったら4名）
コミットもPPの生徒さんも平日午前中、土日早朝。平日22時以降は3枠ほど対応可能です。よろしくお願いします。
15
ゆうな
0
0
0
0
0
0
0
0
0
0
0
0
0
0
0
0
0
0
0
0
0
0
0
0
0
0
0
0
0
0
0
0
#DIV/0!
⚠️割り振りNG
16
あやの
24
3
21
24
5
19
32
0
32
32
1
31
0
0
0
12
0
12
0
0
0
0
0
0
0
0
0
0
0
0
124
9
7.3%
2025年5月
⚠️割り振りNG
17
くみこ
0
0
0
0
0
0
0
0
0
32
2
30
0
0
0
0
0
0
0
0
0
0
0
0
0
0
0
0
0
0
32
2
6.3%
2025年5月
⚠️割り振りNG
18
のぞみ
0
0
0
24
10
14
32
13
19
0
0
0
0
0
0
0
0
0
0
0
0
0
0
0
0
0
0
0
0
0
56
23
41.1%
2025年5月
⚠️割り振りNG
19
ちな
0
0
0
24
14
10
32
13
19
32
10
22
0
0
0
0
0
0
0
0
0
0
0
0
0
0
0
0
0
0
88
37
42.0%
2025年5月
⚠️割り振りNG
20
そたか
0
0
0
24
9
15
16
7
9
0
0
0
0
0
0
0
0
0
0
0
0
0
0
0
0
0
0
0
0
0
40
16
40.0%
2025年5月
⚠️割り振りNG
21
やつ
0
0
0
0
0
0
0
0
0
32
16
16
16
22
-6
12
6
6
12
12
0
16
13
3
16
13
3
8
13
-5
112
95
84.8%
2025年5月
⚠️90名まで
22
もも
0
0
0
24
20
4
32
22
10
32
8
24
16
13
3
12
5
7
12
5
7
16
7
9
16
5
11
8
7
1
168
92
54.8%
2025年6月
50人くらい
23
ゆき
0
0
0
0
2
-2
32
11
21
32
11
21
16
17
-1
0
0
0
0
0
0
16
0
16
16
7
9
8
11
-3
120
59
49.2%
2025年7月
⚠️平日22時19人まで・土日22時13人まで
日本時間の2:00AMとかでも対応できます！もし深夜・不規則な時間帯で受けたいという生徒さんがいらっしゃいましたらぜひ受け持ちたいです。よろしくお願いいたします！
24
あかり
0
1
-1
0
1
-1
0
0
0
32
90
-58
0
5
-5
0
0
0
0
0
0
0
0
0
0
0
0
0
1
-1
32
98
306.3%
2025年7月
⚠️割り振りNG
25
ゆう
0
0
0
24
13
11
0
0
0
0
0
0
16
8
8
0
0
0
0
0
0
0
0
0
0
0
0
8
4
4
48
25
52.1%
2025年7月
⚠️割り振りNG
26
ふうか
0
0
0
24
4
20
32
0
32
32
7
25
16
4
12
0
0
0
12
1
11
16
0
16
16
5
11
8
1
7
156
22
14.1%
2025年5月
104
27
こなつ
0
0
0
0
0
0
0
0
0
32
9
23
16
2
14
0
0
0
12
7
5
16
10
6
16
7
9
8
2
6
100
37
37.0%
2025年7月
⚠️43人まで
8月5日以降は基本大丈夫です！7月は平日の19時以降がありがたいですが、メルボルンに一度移動してから帰国予定なので、後半はかなりバタバタしてます。
28
めぐみ
24
9
15
24
23
1
0
1
-1
32
3
29
16
3
13
12
9
3
0
0
0
0
0
0
16
9
7
8
7
1
132
64
48.5%
2025年7月
29
ひろみ
0
0
0
24
15
9
32
11
21
0
0
0
0
0
0
0
0
0
0
0
0
0
0
0
0
0
0
0
0
0
56
26
46.4%
2025年7月
⚠️26人まで
30
MGおぐま
24
7
17
24
16
8
32
16
16
32
15
17
16
22
-6
12
5
7
12
16
-4
16
11
5
16
11
5
8
3
5
192
122
63.5%
2025年7月
時間問わず１８名可能（残５名）
31
みほ
0
0
0
24
10
14
32
8
24
32
7
25
0
0
0
0
0
0
12
7
5
16
5
11
16
6
10
0
0
0
132
43
32.6%
2025年7月
⚠️割り振りNG
32
あきえ
0
0
0
24
22
2
32
11
21
32
2
30
0
0
0
0
0
0
12
6
6
16
6
10
16
4
12
0
0
0
132
51
38.6%
2025年7月
33
みずか
0
0
0
24
9
15
32
10
22
0
0
0
0
0
0
0
0
0
0
0
0
0
0
0
0
0
0
0
0
0
56
19
33.9%
2025年7月
⚠️割り振りNG
34
りな
0
0
0
24
15
9
32
17
15
32
6
26
16
3
13
0
0
0
12
13
-1
16
12
4
16
4
12
8
1
7
156
71
45.5%
2025年7月
ふうかさんストップ12/20
35
みな
0
0
0
24
19
5
32
13
19
0
0
0
0
0
0
0
0
0
0
0
0
0
0
0
0
0
0
0
0
0
56
32
57.1%
2025年8月
36
ゆーき
0
1
-1
0
4
-4
0
2
-2
32
4
28
16
3
13
0
0
0
0
1
-1
0
0
0
16
5
11
8
3
5
72
23
31.9%
2025年8月
平日昼職ありますが、週3なので休みの日はセッション可能です！
平日午前、午後枠で5〜10人対応可能（11/26）
37
ひな
0
0
0
0
0
0
0
0
0
32
0
32
16
0
16
12
0
12
0
0
0
0
0
0
16
0
16
8
0
8
84
0
0.0%
2025年8月
38
ゆうき(おたゆき)
24
2
22
24
13
11
32
14
18
0
0
0
0
0
0
12
4
8
12
10
2
16
6
10
0
1
-1
0
0
0
120
50
41.7%
2025年8月
⚠️割り振りNG
39
小林彩織→さおり
24
1
23
24
8
16
32
6
26
32
6
26
0
0
0
0
0
0
12
5
7
16
6
10
16
5
11
0
0
0
156
37
23.7%
2025年8月
⚠️割り振りNG
40
なおみ
0
1
-1
24
23
1
16
16
0
0
0
0
16
8
8
0
0
0
0
0
0
0
0
0
0
0
0
0
0
0
56
48
85.7%
2025年8月
⚠️割り振りNG
41
ありさ
24
1
23
0
3
-3
0
0
0
32
9
23
16
6
10
0
0
0
0
1
-1
0
0
0
0
0
0
0
0
0
72
20
27.8%
2025年8月
⚠️割り振りNG
42
はるな
0
0
0
24
8
16
16
3
13
0
0
0
0
0
0
0
0
0
0
0
0
0
0
0
0
0
0
0
0
0
40
11
27.5%
2025年8月
⚠️割り振りNG
43
いくこ
0
0
0
24
11
13
16
2
14
0
0
0
16
6
10
0
0
0
0
0
0
16
2
14
0
0
0
8
0
8
80
21
26.3%
2025年9月
夜間は２１時以降なら大丈夫です。勤務可能とあげている時間でも日によりムリな時があります。
44
ふじい りか
24
0
24
24
7
17
0
0
0
0
0
0
16
7
9
12
6
6
12
12
0
0
1
-1
0
0
0
8
0
8
96
33
34.4%
2025年10月
⚠️割り振りNG
45
タカヤ
0
0
0
24
12
12
32
6
26
0
3
-3
16
9
7
0
0
0
12
10
2
16
7
9
0
2
-2
0
0
0
100
49
49.0%
2025年10月
⚠️割り振りNG
46
みく
0
0
0
24
16
8
16
9
7
0
0
0
0
0
0
0
0
0
0
0
0
0
0
0
0
0
0
0
0
0
40
25
62.5%
2025年10月
平日の夜も日によっては22時以降OKです。（基本、月木です）
47
なお
0
0
0
0
0
0
0
0
0
0
0
0
16
16
0
0
0
0
0
0
0
0
0
0
0
0
0
8
9
-1
24
25
104.2%
2025年11月
48
ゆり（はしもと）
0
0
0
24
21
3
32
23
9
32
11
21
0
0
0
0
0
0
0
0
0
16
6
10
0
0
0
0
0
0
104
61
58.7%
2025年11月
土日の午前に入れていないが、ゆりさんご本人的に入れるようであれば割り振ってもOK
49
ととのえ
16
9
7
16
9
7
0
1
-1
32
8
24
16
9
7
8
8
0
8
8
0
0
1
-1
16
5
11
8
0
8
120
58
48.3%
2025年11月
ゆくゆく100人くらい（12/2）月10人ずつ増やしていく(10名⭕️12/10)
50
ゆり（はしもと）
0
0
0
24
21
3
32
23
9
32
11
21
0
0
0
0
0
0
0
0
0
16
6
10
0
0
0
0
0
0
104
61
58.7%
一旦ストップ12/10
51
ちか
0
0
0
24
2
22
0
0
0
32
17
15
0
1
-1
0
0
0
0
0
0
0
0
0
0
0
0
0
0
0
56
20
35.7%
52
きみえ
0
0
0
0
0
0
32
0
32
32
0
32
16
0
16
0
0
0
0
0
0
0
0
0
0
0
0
0
0
0
80
0
0.0%
53
村上幸子　⇨さち
24
0
24
24
0
24
32
0
32
32
0
32
16
0
16
12
0
12
12
0
12
0
0
0
0
0
0
0
0
0
152
0
0.0%
54
田中莉奈➮りっつ
0
0
0
24
0
24
32
0
32
0
0
0
0
0
0
0
0
0
0
0
0
0
0
0
0
0
0
0
0
0
56
0
0.0%
55
うみ
0
0
0
24
6
18
32
0
32
0
0
0
0
0
0
0
0
0
0
0
0
0
0
0
0
0
0
0
0
0
56
6
10.7%
56
なちょ
24
0
24
0
0
0
0
0
0
32
0
32
16
5
11
0
0
0
0
0
0
0
0
0
0
0
0
0
0
0
72
5
6.9%
57
なな
0
0
0
0
0
0
0
0
0
32
0
32
16
0
16
0
0
0
0
0
0
0
0
0
0
0
0
0
0
0
48
0
0.0%
58
#N/A
0
#N/A
#N/A
0
#N/A
#N/A
0
#N/A
#N/A
0
#N/A
#N/A
0
#N/A
#N/A
0
#N/A
#N/A
0
#N/A
#N/A
0
#N/A
#N/A
0
#N/A
#N/A
0
#N/A
#N/A
0
#N/A
59
#REF!
#REF!
0
#REF!
#REF!
0
#REF!
#REF!
0
#REF!
#REF!
0
#REF!
#REF!
0
#REF!
#REF!
0
#REF!
#REF!
0
#REF!
#REF!
0
#REF!
#REF!
0
#REF!
#REF!
0
#REF!
#REF!
0
#REF!
60
#REF!
#REF!
0
#REF!
#REF!
0
#REF!
#REF!
0
#REF!
#REF!
0
#REF!
#REF!
0
#REF!
#REF!
0
#REF!
#REF!
0
#REF!
#REF!
0
#REF!
#REF!
0
#REF!
#REF!
0
#REF!
#REF!
0
#REF!
61
#REF!
#REF!
0
#REF!
#REF!
0
#REF!
#REF!
0
#REF!
#REF!
0
#REF!
#REF!
0
#REF!
#REF!
0
#REF!
#REF!
0
#REF!
#REF!
0
#REF!
#REF!
0
#REF!
#REF!
0
#REF!
#REF!
0
#REF!
62
#REF!
#REF!
0
#REF!
#REF!
0
#REF!
#REF!
0
#REF!
#REF!
0
#REF!
#REF!
0
#REF!
#REF!
0
#REF!
#REF!
0
#REF!
#REF!
0
#REF!
#REF!
0
#REF!
#REF!
0
#REF!
#REF!
0
#REF!
63
#REF!
#REF!
0
#REF!
#REF!
0
#REF!
#REF!
0
#REF!
#REF!
0
#REF!
#REF!
0
#REF!
#REF!
0
#REF!
#REF!
0
#REF!
#REF!
0
#REF!
#REF!
0
#REF!
#REF!
0
#REF!
#REF!
0
#REF!
64
#REF!
#REF!
0
#REF!
#REF!
0
#REF!
#REF!
0
#REF!
#REF!
0
#REF!
#REF!
0
#REF!
#REF!
0
#REF!
#REF!
0
#REF!
#REF!
0
#REF!
#REF!
0
#REF!
#REF!
0
#REF!
#REF!
0
#REF!
65
#REF!
#REF!
0
#REF!
#REF!
0
#REF!
#REF!
0
#REF!
#REF!
0
#REF!
#REF!
0
#REF!
#REF!
0
#REF!
#REF!
0
#REF!
#REF!
0
#REF!
#REF!
0
#REF!
#REF!
0
#REF!
#REF!
0
#REF!
66
#REF!
#REF!
0
#REF!
#REF!
0
#REF!
#REF!
0
#REF!
#REF!
0
#REF!
#REF!
0
#REF!
#REF!
0
#REF!
#REF!
0
#REF!
#REF!
0
#REF!
#REF!
0
#REF!
#REF!
0
#REF!
#REF!
0
#REF!
67
#REF!
#REF!
0
#REF!
#REF!
0
#REF!
#REF!
0
#REF!
#REF!
0
#REF!
#REF!
0
#REF!
#REF!
0
#REF!
#REF!
0
#REF!
#REF!
0
#REF!
#REF!
0
#REF!
#REF!
0
#REF!
#REF!
0
#REF!
68
#REF!
#REF!
0
#REF!
#REF!
0
#REF!
#REF!
0
#REF!
#REF!
0
#REF!
#REF!
0
#REF!
#REF!
0
#REF!
#REF!
0
#REF!
#REF!
0
#REF!
#REF!
0
#REF!
#REF!
0
#REF!
#REF!
0
#REF!
69
なちょ
24
0
24
0
0
0
0
0
0
16
0
16
8
5
3
0
0
0
0
0
0
0
0
0
0
0
0
0
0
0
48
5
10.4%
70
なな
0
0
0
0
0
0
0
0
0
16
0
16
8
0
8
0
0
0
0
0
0
0
0
0
0
0
0
0
0
0
24
0
0.0%
71
#N/A
0
#N/A
#N/A
0
#N/A
#N/A
0
#N/A
#N/A
0
#N/A
#N/A
0
#N/A
#N/A
0
#N/A
#N/A
0
#N/A
#N/A
0
#N/A
#N/A
0
#N/A
#N/A
0
#N/A
#N/A
0
#N/A
72
#N/A
0
#N/A
#N/A
0
#N/A
#N/A
0
#N/A
#N/A
0
#N/A
#N/A
0
#N/A
#N/A
0
#N/A
#N/A
0
#N/A
#N/A
0
#N/A
#N/A
0
#N/A
#N/A
0
#N/A
#N/A
0
#N/A
73
#N/A
0
#N/A
#N/A
0
#N/A
#N/A
0
#N/A
#N/A
0
#N/A
#N/A
0
#N/A
#N/A
0
#N/A
#N/A
0
#N/A
#N/A
0
#N/A
#N/A
0
#N/A
#N/A
0
#N/A
#N/A
0
#N/A
74
#N/A
0
#N/A
#N/A
0
#N/A
#N/A
0
#N/A
#N/A
0
#N/A
#N/A
0
#N/A
#N/A
0
#N/A
#N/A
0
#N/A
#N/A
0
#N/A
#N/A
0
#N/A
#N/A
0
#N/A
#N/A
0
#N/A
75
#N/A
0
#N/A
#N/A
0
#N/A
#N/A
0
#N/A
#N/A
0
#N/A
#N/A
0
#N/A
#N/A
0
#N/A
#N/A
0
#N/A
#N/A
0
#N/A
#N/A
0
#N/A
#N/A
0
#N/A
#N/A
0
#N/A
76
#N/A
0
#N/A
#N/A
0
#N/A
#N/A
0
#N/A
#N/A
0
#N/A
#N/A
0
#N/A
#N/A
0
#N/A
#N/A
0
#N/A
#N/A
0
#N/A
#N/A
0
#N/A
#N/A
0
#N/A
#N/A
0
#N/A
77
#N/A
0
#N/A
#N/A
0
#N/A
#N/A
0
#N/A
#N/A
0
#N/A
#N/A
0
#N/A
#N/A
0
#N/A
#N/A
0
#N/A
#N/A
0
#N/A
#N/A
0
#N/A
#N/A
0
#N/A
#N/A
0
#N/A
78
#N/A
0
#N/A
#N/A
0
#N/A
#N/A
0
#N/A
#N/A
0
#N/A
#N/A
0
#N/A
#N/A
0
#N/A
#N/A
0
#N/A
#N/A
0
#N/A
#N/A
0
#N/A
#N/A
0
#N/A
#N/A
0
#N/A
79
#N/A
0
#N/A
#N/A
0
#N/A
#N/A
0
#N/A


[... 以下省略 ...]
