# リンク先コンテンツ

**URL**: https://docs.google.com/spreadsheets/d/1vaHPTOL-Eg3vRIZiMxXyOUN0ygqWxbzUdRkkJfm8iMo/edit?gid=342015455#gid=342015455
**タイトル**: 無題のスプレッドシート - Google スプレッドシート
**リンクテキスト**: https://docs.google.com/spreadsheets/d/1vaHPTOL-Eg3vRIZiMxXyOUN0ygqWxbzUdRkkJfm8iMo/edit?gid=342015455#gid=342015455
**参照元**: マーケティング部/Instagram 開設・運用プロジェクト/index.md
**取得日時**: 2026-01-18 08:58:41

---

## コンテンツ

無題のスプレッドシート - Google スプレッドシート
このブラウザ バージョンのサポートは終了しました。サポートされているブラウザにアップグレードしてください。
無題のスプレッドシート
Tab
外部
共有
ログイン
ファイル
編集
表示
挿入
表示形式
データ
ツール
拡張機能
ヘルプ
ユーザー補助機能
デバッグ
ドライブに変更を保存できませんでした
¥
%
123
条件付き書式
条件付き書式
SUM
AVERAGE
COUNT
MAX
MIN
詳細
ユーザー補助機能
読み込んでいます...
A
B
C
D
E
F
G
H
I
J
K
L
M
N
O
P
Q
R
S
T
U
V
W
X
Y
Z
AA
AB
AC
AD
AE
AF
AG
AH
AI
AJ
AK
AL
1
詳細→
https://www.notion.so/Instagram-293f3b0fba8580ffabecdd73be3b9854
営業代行事業 - P/L
2
3
【前提条件】
1アカウント運用コスト計算（円/月）
万垢作成 初期費用（円/件）
相馬
ローンチ報酬（円/件）の内訳
6
4
単価
¥600,000
投稿数
15
投稿数
50
LINE
216
ローンチMG
1
5
成約数（件/月）
4.0
作成時間
3
作成時間
3
勉強会
112
ローンチ者
3
6
1アカウント運用コスト（円/月）
¥137,500
人件費/時給
1,500
人件費/時給
1,500
想定成約
10
アカウントMG
1
7
万垢作成 初期費用（円/件）
¥1,240,000
インセン（1万人増加と仮定）
50,000
インセン（3万人増加と仮定）
150,000
想定売り上げ
6,000,000
アカウント保持者
1
8
ローンチ報酬（円/件）
¥60,000
作成人件費
117,500
作成人件費
375,000
9
サポート費合計(CS/営業/講師)
¥192,000
MG給料
10,000
MG給料
10,000
10
講師
¥132,000
MGインセン
10,000
MGインセン
30,000
11
営業
¥40,000
MG合計
20,000
MG合計
40,000
12
CS
¥20,000
合計
137,500
合計
415,000
13
削除アカウント
825,000
14
1,240,000
15
16
【月次売上・コスト計画】
17
項目
11月
12月
1月
2月
3月
4月
5月
6月
7月
8月
9月
10月
年間合計
18
目標
実績
目標
実績
目標
実績
目標
実績
目標
実績
目標
実績
目標
実績
目標
実績
目標
実績
目標
実績
目標
実績
目標
実績
19
成約数
0
0
4
3
12
0
20
0
28
0
36
0
44
0
52
0
60
0
68
0
76
0
84
0
484
20
ローンチアカウント数
0
0
1
1
3
0
5
0
7
0
9
0
11
0
13
0
15
0
17
0
19
0
21
0
121
21
当月万垢達成数
1
1
2
2
2
0
2
0
2
0
2
0
2
0
2
0
2
0
2
0
2
0
2
0
23
22
合計万垢数
2
2
3
3
5
0
7
0
9
0
11
0
13
0
15
0
17
0
19
0
21
0
23
0
23
運用アカウント数
11
11
13
0
15
0
17
0
19
0
21
0
23
0
25
0
27
0
29
0
31
0
33
0
264
24
新規立ち上げアカウント数
7
7
7
0
7
0
7
0
7
0
7
0
7
0
7
0
7
0
7
0
7
0
7
0
84
25
必要運用者数
11
11
13
0
15
0
17
0
19
0
21
0
23
0
25
0
27
0
29
0
31
0
33
0
33
26
27
【売上】
28
売上（円）
0
0
2,400,000
7,200,000
12,000,000
16,800,000
21,600,000
26,400,000
31,200,000
36,000,000
40,800,000
45,600,000
50,400,000
288,000,000
29
30
【コスト】
11月
12月
1月
2月
3月
4月
5月
6月
7月
8月
9月
10月
年間合計
31
人権費
万垢アカウント運用ランニングコスト
275,000
-
137,500
412,500
687,500
962,500
1,237,500
1,512,500
1,787,500
2,062,500
2,337,500
2,612,500
2,887,500
16,500,000
32
人権費
万垢作成 初期費用（円）
2,480,000
-
2,480,000
2,480,000
2,480,000
2,480,000
2,480,000
2,480,000
2,480,000
2,480,000
2,480,000
2,480,000
2,480,000
24,800,000
33
当月作業実稼働費用（円）
-
585,164
34
当月MG費用（円）
-
110,000
35
人権費
ローンチ報酬（円）
0
0
240,000
720,000
1,200,000
1,680,000
2,160,000
2,640,000
3,120,000
3,600,000
4,080,000
4,560,000
5,040,000
28,800,000
36
人権費
雑費（円）
0
0
768,000
2,304,000
3,840,000
5,376,000
6,912,000
8,448,000
9,984,000
11,520,000
13,056,000
14,592,000
16,128,000
92,160,000
37
コスト合計（円）
2,755,000
695,164
3,625,500
5,916,500
8,207,500
10,498,500
12,789,500
15,080,500
17,371,500
19,662,500
21,953,500
24,244,500
26,535,500
162,260,000
38
39
【営業利益】
40
営業利益（円）
-2,755,000
0
-1,225,500
1,283,500
3,792,500
6,301,500
8,810,500
11,319,500
13,828,500
16,337,500
18,846,500
21,355,500
23,864,500
125,740,000
41
営業利益率（%）
0.0
0.0
-51.1
17.8
31.6
37.5
40.8
42.9
44.3
45.4
46.2
46.8
47.4
43.7
42
43
営業利益
125,740,000
44
営業利益の20%
25,148,000
45
残営業利益
100,592,000
46
34.92777778
47
48
49
50
51
52
53
54
55
56
57
58
59
60
61
62
63
64
65
66
67
68
69
70
71
72
73
74
75
76
77
78
79
80
81
82
83
84
85
86
87
88
89
90
91
92
93
94
95
96
97
98
99
100
株価情報はすべての市場から提供されているわけではなく、また、最大 20 分の遅延の可能性があります。情報は「現状有姿」で提供されるものであり、取引目的や助言ではなく、情報提供のみを目的して提供されています。
免責事項
目標と実績
PL
シート1
ブラウザの[Google Sheets/Docs] コンテンツ取得不可

> 🔒 **認証が必要なリンク**
> このGoogle Sheets/Docsは組織内限定または非公開設定のため、内容を取得できません。
> 閲覧にはGoogleアカウントでのログインが必要です。

Shift キーを押しながら [更新] ボタンをクリックして、もう一度試してください。
