# リンク先コンテンツ

**URL**: https://docs.google.com/spreadsheets/d/1nUIKNgNCj2UUoFlBM54ivG92OIPJSErytsTvkF4kO14/edit?gid=1846539054#gid=1846539054
**タイトル**: 【新規事業開発】Monitoring Seat _コスト管理 - Google スプレッドシート
**リンクテキスト**: https://docs.google.com/spreadsheets/d/1nUIKNgNCj2UUoFlBM54ivG92OIPJSErytsTvkF4kO14/edit?gid=1846539054#gid=1846539054
**参照元**: Mrs.PROTEIN/週次会議/1月/1_13/index.md
**取得日時**: 2026-01-18 09:02:40

---

## コンテンツ

【新規事業開発】Monitoring Seat _コスト管理 - Google スプレッドシート
このブラウザ バージョンのサポートは終了しました。サポートされているブラウザにアップグレードしてください。
【新規事業開発】Monitoring Seat _コスト管理
Tab
外部
共有
ファイル
編集
表示
挿入
表示形式
データ
ツール
拡張機能
ヘルプ
ユーザー補助機能
デバッグ
ドライブに変更を保存できませんでした
¥
%
123
条件付き書式
条件付き書式
SUM
AVERAGE
COUNT
MAX
MIN
詳細
ユーザー補助機能
読み込んでいます...
A
B
C
D
E
F
G
H
I
J
K
L
M
N
O
P
Q
R
S
T
U
V
W
X
Y
Z
AA
AB
AC
AD
AE
AF
AG
AH
AI
AJ
AK
AL
AM
AN
AO
AP
AQ
AR
AS
AT
AU
AV
1
2
転換率
40%
2026年
2027年
2028年
2029年
3
継続率
60%
1月
2月
3月
4月
5月
6月
7月
8月
9月
10月
11月
12月
1月
2月
3月
4月
5月
6月
7月
8月
9月
10月
11月
12月
1月
2月
3月
4月
5月
6月
7月
8月
9月
10月
11月
12月
1月
2月
3月
4月
4
売上（新規）
4,480
1,792,000
2,240,000
2,688,000
3,136,000
3,584,000
4,032,000
4,480,000
4,928,000
5,376,000
5,824,000
6,272,000
6,720,000
2,240,000
2,240,000
2,240,000
2,240,000
2,240,000
2,240,000
2,240,000
2,240,000
2,240,000
2,240,000
2,240,000
2,240,000
2,240,000
2,240,000
2,240,000
2,240,000
2,240,000
2,240,000
2,240,000
2,240,000
2,240,000
2,240,000
2,240,000
2,240,000
2,240,000
2,240,000
2,240,000
2,240,000
5
売上（2回目以降）
6,980
1,116,800
2,066,080
2,910,660
3,699,400
4,446,260
5,297,820
6,002,800
6,700,800
7,398,800
8,096,800
8,787,820
9,492,800
7,119,600
5,695,680
4,844,120
4,327,600
4,020,480
3,476,040
3,476,040
3,476,040
3,476,040
3,476,040
3,476,040
3,476,040
3,476,040
3,476,040
3,476,040
3,476,040
3,476,040
3,476,040
3,476,040
3,476,040
3,476,040
3,476,040
3,476,040
3,476,040
3,476,040
3,476,040
3,476,040
6
新規顧客数
1
400
500
600
700
800
900
1,000
1,100
1,200
1,300
1,400
1,500
500
500
500
500
500
500
500
500
500
500
500
500
500
500
500
500
500
500
500
500
500
500
500
500
500
500
500
500
7
2回目稼働顧客数
0.4
160
200
240
280
320
360
400
440
480
520
560
600
200
200
200
200
200
200
200
200
200
200
200
200
200
200
200
200
200
200
200
200
200
200
200
200
200
200
200
8
3回目稼働顧客数
0.24
96
120
144
168
192
216
240
264
288
312
336
360
120
120
120
120
120
120
120
120
120
120
120
120
120
120
120
120
120
120
120
120
120
120
120
120
120
120
9
4回目稼働顧客数
0.14
57
72
86
100
115
129
144
158
172
187
201
216
72
72
72
72
72
72
72
72
72
72
72
72
72
72
72
72
72
72
72
72
72
72
72
72
72
10
5回目稼働顧客数
0.09
34
43
51
60
69
77
86
95
103
112
120
129
43
43
43
43
43
43
43
43
43
43
43
43
43
43
43
43
43
43
43
43
43
43
43
43
11
6回目稼働顧客数
0.05
20
25
31
36
41
46
51
57
62
67
72
77
25
25
25
25
25
25
25
25
25
25
25
25
25
25
25
25
25
25
25
25
25
25
25
12
7回目以上稼働顧客数
0.08
31
38
46
54
62
69
77
85
93
101
108
116
38
38
38
38
38
38
38
38
38
38
38
38
38
38
38
38
38
38
38
38
38
38
13
累積稼働顧客数
400
660
896
1,117
1,330
1,537
1,759
1,960
2,160
2,360
2,560
2,759
1,860
1,520
1,316
1,194
1,120
1,076
998
998
998
998
998
998
998
998
998
998
998
998
998
998
998
998
998
998
998
998
998
998
14
売上高合計
1,792,000
3,356,800
4,754,080
6,046,660
7,283,400
8,478,260
9,777,820
10,930,800
12,076,800
13,222,800
14,368,800
15,507,820
11,732,800
9,359,600
7,935,680
7,084,120
6,567,600
6,260,480
5,716,040
5,716,040
5,716,040
5,716,040
5,716,040
5,716,040
5,716,040
5,716,040
5,716,040
5,716,040
5,716,040
5,716,040
5,716,040
5,716,040
5,716,040
5,716,040
5,716,040
5,716,040
5,716,040
5,716,040
5,716,040
5,716,040
15
黒ごまきなこ
8
640
1,056
1,194
745
887
1,025
1,173
1,307
1,440
1,573
1,707
1,839
1,240
1,013
877
796
747
717
665
665
665
665
665
665
665
665
665
665
665
665
665
665
665
665
665
665
665
665
665
665
16
カカオ
3
160
264
224
279
333
384
440
490
540
590
640
690
465
380
329
299
280
269
250
250
250
250
250
250
250
250
250
250
250
250
250
250
250
250
250
250
250
250
250
250
17
珈琲
1
0
0
75
93
111
128
147
163
180
197
213
230
155
127
110
100
93
90
83
83
83
83
83
83
83
83
83
83
83
83
83
83
83
83
83
83
83
83
83
83
18
プロテイン原価（3,000円）
3,000
1,200,000
1,500,000
1,800,000
2,100,000
2,400,000
2,700,000
3,000,000
3,300,000
3,600,000
3,900,000
4,200,000
4,500,000
1,500,000
1,500,000
1,500,000
1,500,000
1,500,000
1,500,000
1,500,000
1,500,000
1,500,000
1,500,000
1,500,000
1,500,000
1,500,000
1,500,000
1,500,000
1,500,000
1,500,000
1,500,000
1,500,000
1,500,000
1,500,000
1,500,000
1,500,000
1,500,000
1,500,000
1,500,000
1,500,000
1,500,000
19
梱包・送料（1,000円）
1,000
400,000
500,000
600,000
700,000
800,000
900,000
1,000,000
1,100,000
1,200,000
1,300,000
1,400,000
1,500,000
500,000
500,000
500,000
500,000
500,000
500,000
500,000
500,000
500,000
500,000
500,000
500,000
500,000
500,000
500,000
500,000
500,000
500,000
500,000
500,000
500,000
500,000
500,000
500,000
500,000
500,000
500,000
500,000
20
原価合計
1,600,000
2,000,000
2,400,000
2,800,000
3,200,000
3,600,000
4,000,000
4,400,000
4,800,000
5,200,000
5,600,000
6,000,000
2,000,000
2,000,000
2,000,000
2,000,000
2,000,000
2,000,000
2,000,000
2,000,000
2,000,000
2,000,000
2,000,000
2,000,000
2,000,000
2,000,000
2,000,000
2,000,000
2,000,000
2,000,000
2,000,000
2,000,000
2,000,000
2,000,000
2,000,000
2,000,000
2,000,000
2,000,000
2,000,000
2,000,000
21
22
決済手数料（3.6%）
0.036
64,512
120,845
171,147
217,680
262,202
305,217
352,002
393,509
434,765
476,021
517,277
558,282
422,381
336,946
285,684
255,028
236,434
225,377
205,777
205,777
205,777
205,777
205,777
205,777
205,777
205,777
205,777
205,777
205,777
205,777
205,777
205,777
205,777
205,777
205,777
205,777
205,777
205,777
205,777
205,777
23
決済関係費（5円）
15
6,000
9,900
13,440
16,755
19,950
23,055
26,385
29,400
32,400
35,400
38,400
41,385
27,900
22,800
19,740
17,910
16,800
16,140
14,970
14,970
14,970
14,970
14,970
14,970
14,970
14,970
14,970
14,970
14,970
14,970
14,970
14,970
14,970
14,970
14,970
14,970
14,970
14,970
14,970
14,970
24
25
その他変動費
70,512
130,745
184,587
234,435
282,152
328,272
378,387
422,909
467,165
511,421
555,677
599,667
450,281
359,746
305,424
272,938
253,234
241,517
220,747
220,747
220,747
220,747
220,747
220,747
220,747
220,747
220,747
220,747
220,747
220,747
220,747
220,747
220,747
220,747
220,747
220,747
220,747
220,747
220,747
220,747
26
変動費合計
1,670,512
2,130,745
2,584,587
3,034,435
3,482,152
3,928,272
4,378,387
4,822,909
5,267,165
5,711,421
6,155,677
6,599,667
2,450,281
2,359,746
2,305,424
2,272,938
2,253,234
2,241,517
2,220,747
2,220,747
2,220,747
2,220,747
2,220,747
2,220,747
2,220,747
2,220,747
2,220,747
2,220,747
2,220,747
2,220,747
2,220,747
2,220,747
2,220,747
2,220,747
2,220,747
2,220,747
2,220,747
2,220,747
2,220,747
2,220,747
27
粗利
121,488
1,226,055
2,169,493
3,012,225
3,801,248
4,549,988
5,399,433
6,107,891
6,809,635
7,511,379
8,213,123
8,908,153
9,282,519
6,999,854
5,630,256
4,811,182
4,314,366
4,018,963
3,495,293
3,495,293
3,495,293
3,495,293
3,495,293
3,495,293
3,495,293
3,495,293
3,495,293
3,495,293
3,495,293
3,495,293
3,495,293
3,495,293
3,495,293
3,495,293
3,495,293
3,495,293
3,495,293
3,495,293
3,495,293
3,495,293
28
粗利率（％）
7
37
46
50
52
54
55
56
56
57
57
57
79
75
71
68
66
64
61
61
61
61
61
61
61
61
61
61
61
61
61
61
61
61
61
61
61
61
61
61
29
責任者報酬
30
電話対応件数
300
495
672
838
998
1,153
1,319
1,470
1,620
1,770
1,920
2,069
1,395
1,140
987
896
840
807
749
749
749
749
749
749
749
749
749
749
749
749
749
749
749
749
749
749
749
749
749
749
31
電話対応報酬（1,500円/h）
125
37,500
61,875
84,000
104,719
124,688
144,094
164,906
183,750
202,500
221,250
240,000
258,656
174,375
142,500
123,375
111,938
105,000
100,875
93,563
93,563
93,563
93,563
93,563
93,563
93,563
93,563
93,563
93,563
93,563
93,563
93,563
93,563
93,563
93,563
93,563
93,563
93,563
93,563
93,563
93,563
32
配送担当報酬（1,500円/h）
150
60,000
99,000
134,400
167,550
199,500
230,550
263,850
294,000
324,000
354,000
384,000
413,850
279,000
228,000
197,400
179,100
168,000
161,400
149,700
149,700
149,700
149,700
149,700
149,700
149,700
149,700
149,700
149,700
149,700
149,700
149,700
149,700
149,700
149,700
149,700
149,700
149,700
149,700
149,700
149,700
33
34
35
人件費合計
97,800
161,370
219,072
273,107
325,185
375,797
430,076
479,220
528,120
577,020
625,920
674,576
454,770
371,640
321,762
291,933
273,840
263,082
244,011
244,011
244,011
244,011
244,011
244,011
244,011
244,011
244,011
244,011
244,011
244,011
244,011
244,011
244,011
244,011
244,011
244,011
244,011
244,011
244,011
244,011
36
インフルエンサーバック初回
3,000
1,200,000
1,500,000
1,800,000
2,100,000
2,400,000
2,700,000
3,000,000
3,300,000
3,600,000
3,900,000
4,200,000
4,500,000
1,500,000
1,500,000
1,500,000
1,500,000
1,500,000
1,500,000
1,500,000
1,500,000
1,500,000
1,500,000
1,500,000
1,500,000
1,500,000
1,500,000
1,500,000
1,500,000
1,500,000
1,500,000
1,500,000
1,500,000
1,500,000
1,500,000
1,500,000
1,500,000
1,500,000
1,500,000
1,500,000
1,500,000
37
サンプル発送（発送料1000+原価2000）
90,000
90,000
90,000
90,000
90,000
90,000
90,000
90,000
90,000
90,000
90,000
90,000
90,000
90,000
90,000
90,000
90,000
90,000
90,000
90,000
90,000
90,000
90,000
90,000
90,000
90,000
90,000
90,000
90,000
90,000
90,000
90,000
90,000
90,000
90,000
90,000
90,000
90,000
90,000
90,000
90,000
38
販管費合計
1,290,000
1,590,000
1,890,000
2,190,000
2,490,000
2,790,000
3,090,000
3,390,000
3,690,000
3,990,000
4,290,000
4,590,000
1,590,000
1,590,000
1,590,000
1,590,000
1,590,000
1,590,000
1,590,000
1,590,000
1,590,000
1,590,000
1,590,000
1,590,000
1,590,000
1,590,000
1,590,000
1,590,000
1,590,000
1,590,000
1,590,000
1,590,000
1,590,000
1,590,000
1,590,000
1,590,000
1,590,000
1,590,000
1,590,000
1,590,000
39
電話機器・回線
50,000
50,000
50,000
50,000
50,000
50,000
50,000
50,000
50,000
50,000
50,000
50,000
50,000
50,000
50,000
50,000
50,000
50,000
50,000
50,000
50,000
50,000
50,000
50,000
50,000
50,000
50,000
50,000
50,000
50,000
50,000
50,000
50,000
50,000
50,000
50,000
50,000
50,000
50,000
50,000
50,000
40
倉庫
50,000
50,000
50,000
50,000
50,000
50,000
50,000
50,000
50,000
50,000
50,000
50,000
50,000
50,000
50,000
50,000
50,000
50,000
50,000
50,000
50,000
50,000
50,000
50,000
50,000
50,000
50,000
50,000
50,000
50,000
50,000
50,000
50,000
50,000
50,000
50,000
50,000
50,000
50,000
50,000
50,000
41
42
43
運管費合計
100,000
100,000
100,000
100,000
100,000
100,000
100,000
100,000
100,000
100,000
100,000
100,000
100,000
100,000
100,000
100,000
100,000
100,000
100,000
100,000
100,000
100,000
100,000
100,000
100,000
100,000
100,000
100,000
100,000
100,000
100,000
100,000
100,000
100,000
100,000
100,000
100,000
100,000
100,000
100,000
44
固定費合計
1,487,800
1,851,370
2,209,072
2,563,107
2,915,185
3,265,797
3,620,076
3,969,220


[... 以下省略 ...]
