# リンク先コンテンツ

**URL**: https://docs.google.com/spreadsheets/d/1XPNrA61v1WxNmdbl6EDj5y-GfHgJgQWqJZskpsVU0d8/edit?gid=1946321867#gid=1946321867
**タイトル**: SNS運用代行_事業計画 - Google スプレッドシート
**リンクテキスト**: Link: https://docs.google.com/spreadsheets/d/1XPNrA61v1WxNmdbl6EDj5y-GfHgJgQWqJZskpsVU0d8/edit?gid=1946321867#gid=1946321867
**参照元**: 各事業計画/index.md
**取得日時**: 2026-01-18 08:52:54

---

## コンテンツ

SNS運用代行_事業計画 - Google スプレッドシート
このブラウザ バージョンのサポートは終了しました。サポートされているブラウザにアップグレードしてください。
SNS運用代行_事業計画
Tab
外部
共有
ログイン
ファイル
編集
表示
挿入
表示形式
データ
ツール
拡張機能
ヘルプ
ユーザー補助機能
デバッグ
ドライブに変更を保存できませんでした
¥
%
123
条件付き書式
条件付き書式
SUM
AVERAGE
COUNT
MAX
MIN
詳細
ユーザー補助機能
読み込んでいます...
A
B
C
D
E
F
G
H
I
J
K
L
M
N
1
事業名：SNS運用代行
事業計画書（KPI含む）
2
業種：
3
8月〜10月はモニターのみで計算
4
月
11
12
1
2
3
4
5
6
7
8
9
10
1期目合計
5
投稿本数
6
▼媒体：TikTok
7
ショート動画(本）
5
10
12
12
12
12
12
12
12
12
12
12
135
8
0
9
▼媒体：Instagram
10
ショート動画(本）
5
10
12
12
12
12
12
12
12
12
12
12
135
11
フィード
0
12
13
▼媒体：YouTube（取材）
14
ショート動画(本）
5
10
12
12
12
12
12
12
12
12
12
12
135
15
長尺動画(本）
2
3
5
6
8
8
8
8
8
8
5
69
16
0
17
▼媒体：Threads/X
18
ショート動画(本）
-
-
-
-
-
-
-
-
-
-
-
19
テキスト
10
15
15
15
15
15
15
15
15
15
15
160
20
21
22
アプローチ数
0
0
4,000
14,000
24,000
34,000
44,000
54,000
64,000
74,000
84,000
94,000
490,000
23
施策
4,000
14,000
24,000
34,000
44,000
54,000
64,000
74,000
84,000
94,000
490,000
24
施策
0
25
施策
0
26
施策
0
27
リード転換率(%)
1%
1%
1%
1%
1%
1%
1%
1%
1%
1%
1%
1%
28
施策
29
施策
30
施策
31
施策
32
リード数
0
0
40
140
240
340
440
540
640
740
840
940
4,900
33
リードからの商談化率
20%
20%
20%
20%
20%
20%
20%
20%
20%
20%
20%
20%
34
商談数
0
0
8
28
48
68
88
108
128
148
168
188
980
35
商談からの受注率
20%
20%
20%
20%
20%
20%
20%
20%
20%
20%
20%
20%
2
36
新規の受注数
0
0
2
6
10
14
18
22
26
30
34
38
37
受注後の更新率→解約率
100%
100%
100%
100%
100%
100%
90%
80%
70%
70%
70%
70%
38
受注後の更新数
0
0
2
6
10
14
16
17
18
21
24
26
152
39
月の累計契約数
0
0
3
11
19
27
33
39
44
50
57
64
348
40
1
2
3
2
8
14
19
23
27
32
37
42
41
売上高
100,000
200,000
1,120,000
3,920,000
6,720,000
9,520,000
11,704,000
13,608,000
15,232,000
17,612,000
19,992,000
22,372,000
122,100,000
42
月額
100,000
100,000
350,000
350,000
350,000
350,000
350,000
350,000
350,000
350,000
350,000
350,000
3,700,000
43
新規
0
44
リピート
0
45
0
46
粗利
100,000
200,000
1,120,000
3,920,000
6,720,000
9,520,000
11,704,000
13,608,000
15,232,000
17,612,000
19,992,000
22,372,000
122,100,000
47
役員報酬
0
0
0
0
0
0
0
0
0
0
0
0
0
48
給与手当
0
0
0
0
0
0
0
0
0
0
0
0
0
49
法定福利費
0
0
0
0
0
0
0
0
0
0
0
0
0
50
外注費
97,500
195,000
312,000
2,772,000
4,752,000
6,732,000
8,276,400
9,622,800
10,771,200
12,454,200
14,137,200
15,820,200
85,942,500
51
プロデューサー
0
0
0
20,000
20,000
20,000
20,000
20,000
20,000
20,000
20,000
20,000
180,000
52
ディレクター
20,000
20,000
20,000
50,000
50,000
50,000
50,000
50,000
50,000
50,000
50,000
50,000
510,000
53
営業マネージャー
0
0
0
15,000
15,000
15,000
15,000
15,000
15,000
15,000
15,000
15,000
135,000
54
営業
0
0
0
12,500
12,500
12,500
12,500
12,500
12,500
12,500
12,500
12,500
112,500
55
企画・台本担当
10,000
10,000
10,000
40,000
40,000
40,000
40,000
40,000
40,000
40,000
40,000
40,000
390,000
56
編集担当
10,000
10,000
10,000
40,000
40,000
40,000
40,000
40,000
40,000
40,000
40,000
40,000
390,000
57
投稿担当
2,500
2,500
2,500
10,000
10,000
10,000
10,000
10,000
10,000
10,000
10,000
10,000
97,500
58
撮影担当
30,000
30,000
30,000
30,000
30,000
30,000
30,000
30,000
30,000
30,000
30,000
30,000
360,000
59
演者（俳優）
25,000
25,000
25,000
30,000
30,000
30,000
30,000
30,000
30,000
30,000
30,000
30,000
345,000
60
地代家賃
0
0
0
0
0
0
0
0
0
0
0
0
0
61
水道光熱費
0
0
0
0
0
0
0
0
0
0
0
0
0
62
通信費
0
0
0
0
0
0
0
0
0
0
0
0
0
63
会議費
0
0
0
0
0
0
0
0
0
0
0
0
0
64
旅費交通費
0
0
0
0
0
0
0
0
0
0
0
0
0
65
広告宣伝費
0
0
0
0
0
0
0
0
0
0
0
0
0
66
支払手数料
0
0
0
0
0
0
0
0
0
0
0
0
0
67
雑費
0
0
0
0
0
0
0
0
0
0
0
0
0
68
販管費合計
97,500
97,500
97,500
247,500
247,500
247,500
247,500
247,500
247,500
247,500
247,500
247,500
2,520,000
69
営業利益
2,500
5,000
808,000
1,148,000
1,968,000
2,788,000
3,427,600
3,985,200
4,460,800
5,157,800
5,854,800
6,551,800
36,157,500
株価情報はすべての市場から提供されているわけではなく、また、最大 20 分の遅延の可能性があります。情報は「現状有姿」で提供されるものであり、取引目的や助言ではなく、情報提供のみを目的して提供されています。
免責事項
事業計画_月次_1期目_ver1(梅村)
事業計画_月次_1期目見やすい
事業計画_月次_1期目
シート7
事業計画_月次_1期目見やすくしたバージョン
メモ
ブラウザの[Google Sheets/Docs] コンテンツ取得不可

> 🔒 **認証が必要なリンク**
> このGoogle Sheets/Docsは組織内限定または非公開設定のため、内容を取得できません。
> 閲覧にはGoogleアカウントでのログインが必要です。

Shift キーを押しながら [更新] ボタンをクリックして、もう一度試してください。
