# リンク先コンテンツ

**URL**: https://docs.google.com/spreadsheets/d/1nUIKNgNCj2UUoFlBM54ivG92OIPJSErytsTvkF4kO14/edit?gid=1822211109#gid=1822211109
**タイトル**: 【新規事業開発】Monitoring Seat _コスト管理 - Google スプレッドシート
**リンクテキスト**: https://docs.google.com/spreadsheets/d/1nUIKNgNCj2UUoFlBM54ivG92OIPJSErytsTvkF4kO14/edit?gid=1822211109#gid=1822211109
**参照元**: 営業代行事業/POD財務諸表/index.md
**取得日時**: 2026-01-18 09:01:38

---

## コンテンツ

【新規事業開発】Monitoring Seat _コスト管理 - Google スプレッドシート
このブラウザ バージョンのサポートは終了しました。サポートされているブラウザにアップグレードしてください。
【新規事業開発】Monitoring Seat _コスト管理
Tab
外部
共有
ログイン
ファイル
編集
表示
挿入
表示形式
データ
ツール
拡張機能
ヘルプ
ユーザー補助機能
デバッグ
ドライブに変更を保存できませんでした
¥
%
123
条件付き書式
条件付き書式
SUM
AVERAGE
COUNT
MAX
MIN
詳細
ユーザー補助機能
読み込んでいます...
A
B
C
D
E
F
G
H
I
J
K
L
M
N
O
P
1
営業代行事業 - P/L
2
3
【前提条件】
4
架電外注費（円/コール）
150
5
アポ率（%）
1.5
6
アポ対応インセンティブ（円/件）
10,000
7
受注インセンティブ（円/件）
150,000
8
成約フィー（円/件）
1,200,000
9
受注率（%）
7.5
10
契約時入金率（%）
50.0
11
納品時入金率（%）
50.0
12
納品までの期間（月）
2.0
13
14
【月次売上・コスト計画】
15
項目
12月
1月
2月
3月
4月
5月
6月
7月
8月
9月
10月
11月
年間合計
16
架電数
4,000
4,000
5,000
5,000
7,000
7,000
8,000
8,000
9,000
9,000
10,000
10,000
86,000
17
アポ数
60
60
75
75
105
105
120
120
135
135
150
150
1290
18
FS人数
3
3
4
4
5
5
6
6
7
7
8
8
-
19
受注数
5
5
6
6
8
8
9
9
10
10
11
11
97
20
21
結果
22
架電数
7,020
7,020
23
アポ数
15
15
24
FS人数
1
-
25
受注数
0
0
26
27
【売上】
28
売上（円）
5,400,000
5,400,000
6,750,000
6,750,000
9,450,000
9,450,000
10,800,000
10,800,000
12,150,000
12,150,000
13,500,000
13,500,000
116,100,000
29
30
結果
31
売上（円）
0
32
33
【コスト】
34
外注費
架電依頼費（円）
600,000
600,000
750,000
750,000
1,050,000
1,050,000
1,200,000
1,200,000
1,350,000
1,350,000
1,500,000
1,500,000
12,900,000
35
外注費
リスト購入費（円）
40,000
40,000
50,000
50,000
70,000
70,000
80,000
80,000
90,000
90,000
100,000
100,000
860,000
36
人権費
アポ対応インセンティブ（円）
600,000
600,000
750,000
750,000
1,050,000
1,050,000
1,200,000
1,200,000
1,350,000
1,350,000
1,500,000
1,500,000
12,900,000
37
人権費
受注インセンティブ（円）
675,000
675,000
843,750
843,750
1,181,250
1,181,250
1,350,000
1,350,000
1,518,750
1,518,750
1,687,500
1,687,500
14,512,500
38
コスト合計（円）
1,915,000
1,915,000
2,393,750
2,393,750
3,351,250
3,351,250
3,830,000
3,830,000
4,308,750
4,308,750
4,787,500
4,787,500
41,172,500
39
40
結果
41
架電依頼費（円）
346,000
0
0
0
0
0
0
0
0
0
0
0
346,000
42
リスト購入費（円）
0
0
0
0
0
0
0
0
0
0
0
0
0
43
アポ対応インセンティブ（円）
20,000
0
0
0
0
0
0
0
0
0
0
0
20,000
44
受注インセンティブ（円）
0
0
0
0
0
0
0
0
0
0
0
0
0
45
コスト合計（円）
366,000
0
0
0
0
0
0
0
0
0
0
0
366,000
46
47
【営業利益】
48
営業利益（円）
3,485,000
3,485,000
4,356,250
4,356,250
6,098,750
6,098,750
6,970,000
6,970,000
7,841,250
7,841,250
8,712,500
8,712,500
74,927,500
49
営業利益率（%）
64.5
64.5
64.5
64.5
64.5
64.5
64.5
64.5
64.5
64.5
64.5
64.5
64.5
50
51
株価情報はすべての市場から提供されているわけではなく、また、最大 20 分の遅延の可能性があります。情報は「現状有姿」で提供されるものであり、取引目的や助言ではなく、情報提供のみを目的して提供されています。
免責事項
ソリューション改定案
事業群方針
ソリューション一覧
【拡販】アイレポート
拡販アイレポート_新規
【PoC】ナチュラ美 1年
【PoC】ナチュラ美 3年
【PoC】ナチュラ美
【PoC】ダイエットコンサル事業
【PoC】SNS運用代行事業
【PoC】SNS運用代行事業_採用計画
【PoC】営業代行事業
【構築】TikTokLiveスクール事業
【構築】コーチングスクール
【構築】AI事業
ブラウザのエラーが発生しました。
Shift キーを押しながら [更新] ボタンをクリックして、もう一度試してください。
