# リンク先コンテンツ

**URL**: https://docs.google.com/spreadsheets/d/1nUIKNgNCj2UUoFlBM54ivG92OIPJSErytsTvkF4kO14/edit?gid=1277613569#gid=1277613569
**タイトル**: 【新規事業開発】Monitoring Seat _コスト管理 - Google スプレッドシート
**リンクテキスト**: https://docs.google.com/spreadsheets/d/1nUIKNgNCj2UUoFlBM54ivG92OIPJSErytsTvkF4kO14/edit?gid=1277613569#gid=1277613569
**参照元**: 運用代行/週次/1月タスク/12月9日週次/index.md
**取得日時**: 2026-01-18 09:08:53

---

## コンテンツ

【新規事業開発】Monitoring Seat _コスト管理 - Google スプレッドシート
このブラウザ バージョンのサポートは終了しました。サポートされているブラウザにアップグレードしてください。
【新規事業開発】Monitoring Seat _コスト管理
Tab
外部
共有
ファイル
編集
表示
挿入
表示形式
データ
ツール
拡張機能
ヘルプ
ユーザー補助機能
デバッグ
ドライブに変更を保存できませんでした
¥
%
123
条件付き書式
条件付き書式
SUM
AVERAGE
COUNT
MAX
MIN
詳細
ユーザー補助機能
読み込んでいます...
A
B
C
D
E
F
G
H
I
J
K
L
M
N
12
PL
1年目
13
11月
12月
1月
2月
3月
4月
5月
6月
7月
8月
9月
10月
14
案件数
15
モニタープラン①
2
2
2
0
0
0
0
0
0
0
0
0
16
モニタープラン②
2
2
2
0
0
0
0
0
0
0
0
0
17
コンサルプラン
18
ベーシックプラン
1
3
4
5
7
8
10
12
14
16
18
20
19
プレミアプラン
20
ハイエンドプラン
1
1
1
1
1
0
0
0
0
1
1
1
21
新規の受注数
6
3
4
5
7
8
10
12
14
16
18
20
22
受注後の解約数
0
0
0
0
0
0
5
8
12
17
23
23
23
月の累計契約数
6
9
13
18
25
33
38
47
57
68
80
100
24
人数
25
プロデューサー
1
1
1
1
1
1
1
2
2
2
2
2
26
ディレクター
2
3
3
2
6
6
6
7
7
7
7
8
27
営業マネージャー
-
-
-
-
-
-
-
-
-
-
-
-
28
営業
2
2
3
3
3
3
3
4
4
4
4
4
29
企画・台本担当
3
4
5
6
7
7
7
8
8
8
8
9
30
編集担当
3
4
5
6
7
7
7
8
8
8
8
9
31
投稿担当
-
-
-
-
-
-
-
-
-
-
-
-
32
撮影担当
2
2
2
2
3
3
3
4
4
4
4
5
33
演者（俳優）
2
3
4
5
6
7
8
9
10
11
12
13
34
売上高
1,200,000
2,250,000
3,250,000
4,500,000
6,250,000
8,250,000
9,500,000
11,750,000
14,250,000
17,000,000
20,000,000
25,000,000
35
SNS運用代行
1,200,000
2,250,000
3,250,000
4,500,000
6,250,000
8,250,000
9,500,000
11,750,000
14,250,000
17,000,000
20,000,000
25,000,000
36
その他
0
0
0
0
0
0
0
0
0
0
0
0
37
売上原価
600,000
1,125,000
1,625,000
2,250,000
3,125,000
4,125,000
4,750,000
5,875,000
7,125,000
8,500,000
10,000,000
12,500,000
38
プロデューサー
0
0
0
0
0
0
0
0
0
0
0
0
39
ディレクター
20,000
20,000
20,000
50,000
50,000
50,000
50,000
50,000
50,000
50,000
50,000
50,000
40
営業マネージャー
0
0
0
15,000
15,000
15,000
15,000
15,000
15,000
15,000
15,000
15,000
41
営業
0
0
0
12,500
12,500
12,500
12,500
12,500
12,500
12,500
12,500
12,500
42
企画・台本担当
10,000
10,000
10,000
40,000
40,000
40,000
40,000
40,000
40,000
40,000
40,000
40,000
43
編集担当
10,000
10,000
10,000
40,000
40,000
40,000
40,000
40,000
40,000
40,000
40,000
40,000
44
投稿担当
2,500
2,500
2,500
10,000
10,000
10,000
10,000
10,000
10,000
10,000
10,000
10,000
45
撮影担当
30,000
30,000
30,000
30,000
30,000
30,000
30,000
30,000
30,000
30,000
30,000
30,000
46
演者（俳優）
25,000
25,000
25,000
30,000
30,000
30,000
30,000
30,000
30,000
30,000
30,000
30,000
47
粗利
600,000
1,125,000
1,625,000
2,250,000
3,125,000
4,125,000
4,750,000
5,875,000
7,125,000
8,500,000
10,000,000
12,500,000
48
販管費
0
0
0
0
0
0
0
0
0
0
0
0
49
役員報酬
50
給与手当
51
法定福利費
52
地代家賃
53
水道光熱費
54
通信費
55
会議費
56
旅費交通費
57
広告宣伝費
58
支払手数料
59
雑費
60
営利
600,000
1,125,000
1,625,000
2,250,000
3,125,000
4,125,000
4,750,000
5,875,000
7,125,000
8,500,000
10,000,000
12,500,000
61
CF
15,000,000
15,600,000
16,725,000
18,350,000
20,600,000
23,725,000
27,850,000
32,600,000
38,475,000
45,600,000
54,100,000
64,100,000
76,600,000
62
累積
600,000
1,725,000
3,350,000
5,600,000
8,725,000
12,850,000
17,600,000
23,475,000
30,600,000
39,100,000
49,100,000
61,600,000
株価情報はすべての市場から提供されているわけではなく、また、最大 20 分の遅延の可能性があります。情報は「現状有姿」で提供されるものであり、取引目的や助言ではなく、情報提供のみを目的して提供されています。
免責事項
ソリューション改定案
事業群方針
ソリューション一覧
【拡販】アイレポート
拡販アイレポート_新規
【PoC】ナチュラ美 1年
【PoC】ナチュラ美 3年
【PoC】ナチュラ美
【PoC】ダイエットコンサル事業
【PoC】SNS運用代行事業
【PoC】SNS運用代行事業_採用計画
【PoC】営業代行事業
【構築】TikTokLiveスクール事業
【構築】コーチングスクール
【構築】AI事業
ブラウザの[Google Sheets/Docs] コンテンツ取得不可

> 🔒 **認証が必要なリンク**
> このGoogle Sheets/Docsは組織内限定または非公開設定のため、内容を取得できません。
> 閲覧にはGoogleアカウントでのログインが必要です。

Shift キーを押しながら [更新] ボタンをクリックして、もう一度試してください。
